<?xml version="1.0"?>
<opencv_storage>
<calibration_Time>"Thu Apr 23 01:37:40 2015"</calibration_Time>
<nrOfFrames>25</nrOfFrames>
<image_Width>640</image_Width>
<image_Height>480</image_Height>
<board_Width>4</board_Width>
<board_Height>4</board_Height>
<square_Size>50.</square_Size>
<FixAspectRatio>1.</FixAspectRatio>
<!-- flags:  +fix_aspectRatio +fix_principal_point +zero_tangent_dist -->
<flagValue>14</flagValue>
<Camera_Matrix type_id="opencv-matrix">
  <rows>3</rows>
  <cols>3</cols>
  <dt>d</dt>
  <data>
    4.9143291491475435e+02 0. 3.1950000000000000e+02 0.
    4.9143291491475435e+02 2.3950000000000000e+02 0. 0. 1.</data></Camera_Matrix>
<Distortion_Coefficients type_id="opencv-matrix">
  <rows>5</rows>
  <cols>1</cols>
  <dt>d</dt>
  <data>
    -2.3072014354191841e-02 5.5431683368041085e-01 0. 0.
    -5.6129253355210584e-01</data></Distortion_Coefficients>
<Avg_Reprojection_Error>5.7865760342026940e-01</Avg_Reprojection_Error>
<Per_View_Reprojection_Errors type_id="opencv-matrix">
  <rows>25</rows>
  <cols>1</cols>
  <dt>f</dt>
  <data>
    4.70399767e-01 4.99481380e-01 4.48649943e-01 5.28594613e-01
    7.20976472e-01 3.73114675e-01 5.07557094e-01 5.31857371e-01
    7.01153338e-01 7.35449612e-01 4.59097803e-01 4.33715731e-01
    8.45534861e-01 9.15345848e-01 2.93685079e-01 3.63325208e-01
    4.73089159e-01 4.71619099e-01 5.84370911e-01 3.89870346e-01
    5.08606851e-01 8.27082157e-01 6.62057519e-01 5.28374314e-01
    6.46338642e-01</data></Per_View_Reprojection_Errors>
<!-- a set of 6-tuples (rotation vector + translation vector) for each view -->
<Extrinsic_Parameters type_id="opencv-matrix">
  <rows>25</rows>
  <cols>6</cols>
  <dt>d</dt>
  <data>
    -5.6719151741656437e-01 -1.3937651142858759e-01
    -3.5777795681613556e-01 8.6604975292070023e+01
    -2.0413763698912584e+02 9.3753952049334555e+02
    -1.6482249903891977e-01 -2.8406703831123675e-01
    -8.8762677415181257e-01 -1.0598352098500537e+02
    -4.7125849504642794e+01 7.6380499031142415e+02
    -2.5082182953214388e-01 -5.6568721867617168e-02
    2.5302852060383318e-01 7.7570032625176344e+00
    -2.8607368671867511e+02 8.2910604878406514e+02
    1.3506494900650570e-01 -1.9893076959399317e-01
    1.5474533070548635e+00 -4.6119445410607035e+01
    9.5090520218935364e+00 7.5058179156598260e+02
    -3.6260445131997171e-01 1.2112535773411028e-01
    1.5022032430587327e+00 -3.4697975430629038e+00
    -2.5744090287655101e+01 7.9673476189934365e+02
    2.2837769236888756e-02 2.7629525178825015e-01 1.4787896358239927e+00
    -4.2735355664968061e+01 1.0186290396757016e+02
    8.5756529102598290e+02 -1.0770612919037552e-01
    -1.9939389275918531e-01 1.5710004723822806e+00
    -1.4661921090436834e+02 9.1793920268772553e+01
    8.0451344875550978e+02 2.2723581816464494e-01
    -1.3852976371015491e-01 -1.5167682431496257e+00
    -2.9743578651076757e+02 2.2875086414218293e+02
    7.5377025854249428e+02 -1.5566191693214473e-01
    -3.2931639901380988e-01 6.0129341300865485e-03
    -2.5115562727474801e+02 8.3707132865897194e+01
    7.8957981987436892e+02 -2.5293644261503234e-01
    -2.0133807157010208e-01 1.5707375996067423e+00
    -1.3026213157186942e+02 7.8540250554895394e+01
    8.0134231811132497e+02 1.4498903886080836e-01
    -2.2558470374551606e-01 -1.3669969816815979e+00
    -1.1620197412513883e+02 1.4130977998732169e+02
    8.5927918399858277e+02 -5.4436975186293612e-01
    -1.3504598360861396e-03 1.3778794545951367e+00
    3.5454377629723766e+01 -9.5964918423242604e+00
    1.0042753795966808e+03 -2.3537608641936641e-01
    -8.0645023991428744e-01 -6.7018264609851344e-02
    -2.6449933457424379e+02 7.2664393791068704e+01
    8.0346544735765951e+02 -8.1663536935394576e-01
    -4.2443144833646457e-01 1.3832254791310692e+00
    -1.5562150706248664e+02 5.5931089396162456e+01
    9.2156083625361703e+02 -1.6395682002020756e-01
    1.6895570604663085e-01 1.5087538220095149e+00 9.0556241148650134e+00
    -3.2699457500174856e+02 8.4873020664553326e+02
    3.0902217197937237e-01 -3.5863949050705179e-01
    1.5178323710517927e+00 1.3641316726907064e+02
    -1.1188328406946320e+02 7.2198409873155299e+02
    2.5661737214691527e-01 1.4206534415977534e-01 3.7779288498849956e-03
    -1.4063045766127493e+01 -1.3144797828308731e+02
    7.8477545020292746e+02 2.6890695266669240e-01
    -5.8682642622107997e-02 1.5490961553319955e+00
    1.2715600738183416e+02 -1.3500040685783614e+02
    7.8136964468617100e+02 -3.0225425738725742e-01
    9.6447100040056438e-02 7.7207070062940453e-01 2.4872011521798729e+01
    -8.2557669925519377e+01 8.1484819424570776e+02
    -2.5155831811143781e-01 8.6267657743909237e-02
    1.3582000916655228e+00 1.0186573892275335e+01
    -1.1703960964620488e+02 7.9504410518710927e+02
    1.2178287488062030e-01 -1.2796269502292584e-01
    1.0665304519919745e+00 -7.8699872954776325e+01
    6.0198785887047075e+00 6.5848705172908785e+02
    -4.1649290208542755e-01 -1.4071781171998657e-01
    1.4692054643871147e-01 -2.4971221347727553e+01
    -9.6395896344295693e+01 7.6138617984115001e+02
    5.5123484098686656e-02 -3.4392535740555830e-01
    9.2471633316334279e-01 -1.2381327856385428e+02
    -1.7642823495098887e+02 6.7458942344730553e+02
    3.8117695713615601e-01 -5.4209102510671969e-01
    1.4809492082507172e+00 2.5766264626518247e+01
    -1.5782629808260990e+02 6.7952035229219655e+02
    9.2624955742881862e-02 -1.6371737743048081e-01
    -1.0033125797202910e-01 -2.5309105997665623e+02
    -1.9631773595900324e+02 6.7728734777769671e+02</data></Extrinsic_Parameters>
