Device opening ...
900
done.

Depth generator output mode:
FRAME_WIDTH      640
FRAME_HEIGHT     480
FRAME_MAX_DEPTH  10000 mm
FPS              30
REGISTRATION     1

Image generator output mode:
FRAME_WIDTH   640
FRAME_HEIGHT  480
FPS           30
 Capturing Golden Face template after 9 Seconds ...

 Capturing Golden Face template after 8 Seconds ...

 Capturing Golden Face template after 7 Seconds ...

 Capturing Golden Face template after 6 Seconds ...

 Capturing Golden Face template after 5 Seconds ...

 Capturing Golden Face template after 4 Seconds ...

 Capturing Golden Face template after 3 Seconds ...

 Capturing Golden Face template after 2 Seconds ...

 Capturing Golden Face template after 1 Seconds ...

 Capturing Golden Face template after 0 Seconds ...



Detecting using Viola Jones
 GOLDEN FACE RECTANGLE :  X = 151, Y = 18
 Golden Nose coordinates are : X = 24, Y = 27, Z = 983
Golden Nose coordinates are : X = 175, Y = 45, Z = 983
Detected Nose coordinates are : X = 151, Y = 18, Z = 983
Translational Offset w.r.t Golden (Subtract these from Golden) are  - X : 0, Y : 0, Z : 0


Detecting using Viola Jones
* KDTreeMatcher: initialized with knn=1, epsilon=0, searchType=1 and maxDist=inf
Applying 1 DataPoints filters - 274 points in
* KDTreeMatcher: initialized with knn=10, epsilon=0, searchType=1 and maxDist=inf
* SurfaceNormalDataPointsFilter - 274 points out (-0%)
Applied 1 filters - 274 points out (-0%)
PointMatcher::icp - reference pre-processing took 0.0427109 [s]
Applying 1 DataPoints filters - 278 points in
* RandomSamplingDataPointsFilter - 278 points out (-0%)
Applied 1 filters - 278 points out (-0%)
PointMatcher::icp - reading pre-processing took 0.000227023 [s]
PointMatcher::icp - 8 iterations took 0.33002 [s]
Golden Nose coordinates are : X = 175, Y = 45, Z = 983
Detected Nose coordinates are : X = 175, Y = 45, Z = 983
Translational Offset w.r.t Golden (Subtract these from Golden) are  - X : 0, Y : 0, Z : 0
match ratio: 0.902878
writing to test_ref.vtk
writing to test_data_in.vtk
writing to test_data_out.vtk
Final transformation:
  0.999848 0.00423615  0.0169699   -18.0608
-0.00451694   0.999854  0.0165392   -16.2992
-0.0168973 -0.0166133   0.999719    4.09076
         0          0          0          1
 Case 3Euler Angles : X  = -0.972353, Y = 0.947806 , Z = 0.242749
writing to Ref_transform.vtk


Predicting Motion
Golden rectangle is X : 151    Y : 18
 Shifted rectangle is X : 151    Y : 18
* KDTreeMatcher: initialized with knn=1, epsilon=0, searchType=1 and maxDist=inf
Applying 1 DataPoints filters - 274 points in
* KDTreeMatcher: initialized with knn=10, epsilon=0, searchType=1 and maxDist=inf
* SurfaceNormalDataPointsFilter - 274 points out (-0%)
Applied 1 filters - 274 points out (-0%)
PointMatcher::icp - reference pre-processing took 0.0473044 [s]
Applying 1 DataPoints filters - 277 points in
* RandomSamplingDataPointsFilter - 277 points out (-0%)
Applied 1 filters - 277 points out (-0%)
PointMatcher::icp - reading pre-processing took 0.000123127 [s]
PointMatcher::icp - 5 iterations took 0.145722 [s]
Golden Nose coordinates are : X = 175, Y = 45, Z = 983
Detected Nose coordinates are : X = 175, Y = 45, Z = 983
Translational Offset w.r.t Golden (Subtract these from Golden) are  - X : 0, Y : 0, Z : 0
match ratio: 0.902527
writing to test_ref.vtk
writing to test_data_in.vtk
writing to test_data_out.vtk
Final transformation:
   0.999997  0.00218751 -0.00154282     1.60023
-0.00219504    0.999986 -0.00489618     5.34615
   0.001532  0.00489942    0.999987   -0.513977
          0           0           0           1
 Case 3Euler Angles : X  = 0.088397, Y = -0.280532 , Z = 0.125335
writing to Ref_transform.vtk


Predicting Motion
Golden rectangle is X : 151    Y : 18
 Shifted rectangle is X : 151    Y : 18
* KDTreeMatcher: initialized with knn=1, epsilon=0, searchType=1 and maxDist=inf
Applying 1 DataPoints filters - 274 points in
* KDTreeMatcher: initialized with knn=10, epsilon=0, searchType=1 and maxDist=inf
* SurfaceNormalDataPointsFilter - 274 points out (-0%)
Applied 1 filters - 274 points out (-0%)
PointMatcher::icp - reference pre-processing took 0.0175339 [s]
Applying 1 DataPoints filters - 276 points in
* RandomSamplingDataPointsFilter - 276 points out (-0%)
Applied 1 filters - 276 points out (-0%)
PointMatcher::icp - reading pre-processing took 6.1322e-05 [s]
PointMatcher::icp - 6 iterations took 0.162424 [s]
Golden Nose coordinates are : X = 175, Y = 45, Z = 983
Detected Nose coordinates are : X = 175, Y = 45, Z = 983
Translational Offset w.r.t Golden (Subtract these from Golden) are  - X : 0, Y : 0, Z : 0
match ratio: 0.902174
writing to test_ref.vtk
writing to test_data_in.vtk
writing to test_data_out.vtk
Final transformation:
    0.999997  -0.00287794 -7.22405e-05     0.284042
  0.00287785     0.999997 -0.000602881    -0.058876
 7.39754e-05   0.00060277            1   -0.0546875
           0            0            0            1
 Case 3Euler Angles : X  = 0.00413908, Y = -0.0345426 , Z = -0.164894
writing to Ref_transform.vtk


Predicting Motion
Golden rectangle is X : 151    Y : 18
 Shifted rectangle is X : 151    Y : 18
* KDTreeMatcher: initialized with knn=1, epsilon=0, searchType=1 and maxDist=inf
Applying 1 DataPoints filters - 274 points in
* KDTreeMatcher: initialized with knn=10, epsilon=0, searchType=1 and maxDist=inf
* SurfaceNormalDataPointsFilter - 274 points out (-0%)
Applied 1 filters - 274 points out (-0%)
PointMatcher::icp - reference pre-processing took 0.0299168 [s]
Applying 1 DataPoints filters - 278 points in
* RandomSamplingDataPointsFilter - 278 points out (-0%)
Applied 1 filters - 278 points out (-0%)
PointMatcher::icp - reading pre-processing took 4.028e-05 [s]
PointMatcher::icp - 6 iterations took 0.108615 [s]
Golden Nose coordinates are : X = 175, Y = 45, Z = 983
Detected Nose coordinates are : X = 174, Y = 45, Z = 983
Translational Offset w.r.t Golden (Subtract these from Golden) are  - X : 1, Y : 0, Z : 0
match ratio: 0.902878
writing to test_ref.vtk
writing to test_data_in.vtk
writing to test_data_out.vtk
Final transformation:
   0.999994 -0.00161845 -0.00310962     3.38115
 0.00162162    0.999999  0.00101927    -1.40212
 0.00310794 -0.00102423    0.999995   -0.513733
          0           0           0           1
 Case 3Euler Angles : X  = 0.178169, Y = 0.0583999 , Z = -0.0927308
writing to Ref_transform.vtk


Predicting Motion
Golden rectangle is X : 151    Y : 18
 Shifted rectangle is X : 150    Y : 18
* KDTreeMatcher: initialized with knn=1, epsilon=0, searchType=1 and maxDist=inf
Applying 1 DataPoints filters - 274 points in
* KDTreeMatcher: initialized with knn=10, epsilon=0, searchType=1 and maxDist=inf
* SurfaceNormalDataPointsFilter - 274 points out (-0%)
Applied 1 filters - 274 points out (-0%)
PointMatcher::icp - reference pre-processing took 0.0446968 [s]
Applying 1 DataPoints filters - 282 points in
* RandomSamplingDataPointsFilter - 282 points out (-0%)
Applied 1 filters - 282 points out (-0%)
PointMatcher::icp - reading pre-processing took 0.000229714 [s]
PointMatcher::icp - 13 iterations took 0.0567729 [s]
Golden Nose coordinates are : X = 175, Y = 45, Z = 983
Detected Nose coordinates are : X = 176, Y = 44, Z = 983
Translational Offset w.r.t Golden (Subtract these from Golden) are  - X : -1, Y : 1, Z : 0
match ratio: 0.900709
writing to test_ref.vtk
writing to test_data_in.vtk
writing to test_data_out.vtk
Final transformation:
   0.999686   0.0203429   0.0148019    -15.7046
 -0.0204517    0.999767   0.0072343    -3.77427
 -0.0146512 -0.00753449    0.999865     3.26746
          0           0           0           1
 Case 3Euler Angles : X  = -0.848119, Y = 0.414543 , Z = 1.16577
writing to Ref_transform.vtk


Predicting Motion
Golden rectangle is X : 151    Y : 18
 Shifted rectangle is X : 152    Y : 17
* KDTreeMatcher: initialized with knn=1, epsilon=0, searchType=1 and maxDist=inf
Applying 1 DataPoints filters - 274 points in
* KDTreeMatcher: initialized with knn=10, epsilon=0, searchType=1 and maxDist=inf
* SurfaceNormalDataPointsFilter - 274 points out (-0%)
Applied 1 filters - 274 points out (-0%)
PointMatcher::icp - reference pre-processing took 0.0484861 [s]
Applying 1 DataPoints filters - 278 points in
* RandomSamplingDataPointsFilter - 278 points out (-0%)
Applied 1 filters - 278 points out (-0%)
PointMatcher::icp - reading pre-processing took 4.6277e-05 [s]
PointMatcher::icp - 14 iterations took 0.052949 [s]
Golden Nose coordinates are : X = 175, Y = 45, Z = 983
Detected Nose coordinates are : X = 175, Y = 44, Z = 983
Translational Offset w.r.t Golden (Subtract these from Golden) are  - X : 0, Y : 1, Z : 0
match ratio: 0.902878
writing to test_ref.vtk
writing to test_data_in.vtk
writing to test_data_out.vtk
Final transformation:
  0.999183 -0.0344941 -0.0212286    23.1281
 0.0347458   0.999331  0.0116028   -17.0712
 0.0208142 -0.0123307   0.999709     -2.802
         0          0          0          1
 Case 3Euler Angles : X  = 1.2164, Y = 0.664957 , Z = -1.9772
writing to Ref_transform.vtk


Predicting Motion
Golden rectangle is X : 151    Y : 18
 Shifted rectangle is X : 151    Y : 17
* KDTreeMatcher: initialized with knn=1, epsilon=0, searchType=1 and maxDist=inf
Applying 1 DataPoints filters - 274 points in
* KDTreeMatcher: initialized with knn=10, epsilon=0, searchType=1 and maxDist=inf
* SurfaceNormalDataPointsFilter - 274 points out (-0%)
Applied 1 filters - 274 points out (-0%)
PointMatcher::icp - reference pre-processing took 0.0490138 [s]
Applying 1 DataPoints filters - 277 points in
* RandomSamplingDataPointsFilter - 277 points out (-0%)
Applied 1 filters - 277 points out (-0%)
PointMatcher::icp - reading pre-processing took 0.000102241 [s]
PointMatcher::icp - 7 iterations took 0.0757056 [s]
Golden Nose coordinates are : X = 175, Y = 45, Z = 983
Detected Nose coordinates are : X = 175, Y = 44, Z = 983
Translational Offset w.r.t Golden (Subtract these from Golden) are  - X : 0, Y : 1, Z : 0
match ratio: 0.902527
writing to test_ref.vtk
writing to test_data_in.vtk
writing to test_data_out.vtk
Final transformation:
    0.999989   0.00370753  -0.00292446      2.86769
 -0.00370592     0.999993    0.0005558     0.668739
  0.00292646 -0.000544877     0.999996    -0.762756
           0            0            0            1
 Case 3Euler Angles : X  = 0.167559, Y = 0.0318451 , Z = 0.212427
writing to Ref_transform.vtk


Predicting Motion
Golden rectangle is X : 151    Y : 18
 Shifted rectangle is X : 151    Y : 17
* KDTreeMatcher: initialized with knn=1, epsilon=0, searchType=1 and maxDist=inf
Applying 1 DataPoints filters - 274 points in
* KDTreeMatcher: initialized with knn=10, epsilon=0, searchType=1 and maxDist=inf
* SurfaceNormalDataPointsFilter - 274 points out (-0%)
Applied 1 filters - 274 points out (-0%)
PointMatcher::icp - reference pre-processing took 0.0300714 [s]
Applying 1 DataPoints filters - 269 points in
* RandomSamplingDataPointsFilter - 269 points out (-0%)
Applied 1 filters - 269 points out (-0%)
PointMatcher::icp - reading pre-processing took 0.000181553 [s]
PointMatcher::icp - 11 iterations took 0.0525728 [s]
Golden Nose coordinates are : X = 175, Y = 45, Z = 983
Detected Nose coordinates are : X = 175, Y = 45, Z = 983
Translational Offset w.r.t Golden (Subtract these from Golden) are  - X : 0, Y : 0, Z : 0
match ratio: 0.903346
writing to test_ref.vtk
writing to test_data_in.vtk
writing to test_data_out.vtk
Final transformation:
    0.999999  -0.00170625 -0.000420514     0.528976
  0.00170249     0.999961  -0.00869806      9.27069
 0.000435271    0.0086975     0.999963    -0.750916
           0            0            0            1
 Case 3Euler Angles : X  = 0.0240936, Y = -0.498368 , Z = -0.0977609
writing to Ref_transform.vtk


Predicting Motion
Golden rectangle is X : 151    Y : 18
 Shifted rectangle is X : 151    Y : 18
* KDTreeMatcher: initialized with knn=1, epsilon=0, searchType=1 and maxDist=inf
Applying 1 DataPoints filters - 274 points in
* KDTreeMatcher: initialized with knn=10, epsilon=0, searchType=1 and maxDist=inf
* SurfaceNormalDataPointsFilter - 274 points out (-0%)
Applied 1 filters - 274 points out (-0%)
PointMatcher::icp - reference pre-processing took 0.0189888 [s]
Applying 1 DataPoints filters - 263 points in
* RandomSamplingDataPointsFilter - 263 points out (-0%)
Applied 1 filters - 263 points out (-0%)
PointMatcher::icp - reading pre-processing took 9.3771e-05 [s]
PointMatcher::icp - 7 iterations took 0.0542418 [s]
Golden Nose coordinates are : X = 175, Y = 45, Z = 983
Detected Nose coordinates are : X = 176, Y = 44, Z = 983
Translational Offset w.r.t Golden (Subtract these from Golden) are  - X : -1, Y : 1, Z : 0
match ratio: 0.901141
writing to test_ref.vtk
writing to test_data_in.vtk
writing to test_data_out.vtk
Final transformation:
   0.999999 0.000853187 0.000878142   -0.918198
-0.000861855    0.999951  0.00991675    -9.50416
-0.000869491 -0.00991733    0.999951    0.504395
          0           0           0           1
 Case 3Euler Angles : X  = -0.0503138, Y = 0.568197 , Z = 0.0488841
writing to Ref_transform.vtk


Predicting Motion
Golden rectangle is X : 151    Y : 18
 Shifted rectangle is X : 152    Y : 17
* KDTreeMatcher: initialized with knn=1, epsilon=0, searchType=1 and maxDist=inf
Applying 1 DataPoints filters - 274 points in
* KDTreeMatcher: initialized with knn=10, epsilon=0, searchType=1 and maxDist=inf
* SurfaceNormalDataPointsFilter - 274 points out (-0%)
Applied 1 filters - 274 points out (-0%)
PointMatcher::icp - reference pre-processing took 0.0189693 [s]
Applying 1 DataPoints filters - 266 points in
* RandomSamplingDataPointsFilter - 266 points out (-0%)
Applied 1 filters - 266 points out (-0%)
PointMatcher::icp - reading pre-processing took 7.9612e-05 [s]
PointMatcher::icp - 9 iterations took 0.210462 [s]
Golden Nose coordinates are : X = 175, Y = 45, Z = 983
Detected Nose coordinates are : X = 175, Y = 45, Z = 983
Translational Offset w.r.t Golden (Subtract these from Golden) are  - X : 0, Y : 0, Z : 0
match ratio: 0.902256
writing to test_ref.vtk
writing to test_data_in.vtk
writing to test_data_out.vtk
Final transformation:
    0.999975 -0.000383792   0.00736931     -7.73506
 0.000455711     0.999953  -0.00976681      10.6099
  -0.0073652   0.00976983     0.999927     0.695435
           0            0            0            1
 Case 3Euler Angles : X  = -0.422234, Y = -0.55962 , Z = -0.0219902
writing to Ref_transform.vtk


Predicting Motion
Golden rectangle is X : 151    Y : 18
 Shifted rectangle is X : 151    Y : 18
* KDTreeMatcher: initialized with knn=1, epsilon=0, searchType=1 and maxDist=inf
Applying 1 DataPoints filters - 274 points in
* KDTreeMatcher: initialized with knn=10, epsilon=0, searchType=1 and maxDist=inf
* SurfaceNormalDataPointsFilter - 274 points out (-0%)
Applied 1 filters - 274 points out (-0%)
PointMatcher::icp - reference pre-processing took 0.0336341 [s]
Applying 1 DataPoints filters - 260 points in
* RandomSamplingDataPointsFilter - 260 points out (-0%)
Applied 1 filters - 260 points out (-0%)
PointMatcher::icp - reading pre-processing took 7.5613e-05 [s]
PointMatcher::icp - 6 iterations took 0.117855 [s]
Golden Nose coordinates are : X = 175, Y = 45, Z = 983
Detected Nose coordinates are : X = 175, Y = 45, Z = 985
Translational Offset w.r.t Golden (Subtract these from Golden) are  - X : 0, Y : 0, Z : -2
match ratio: 0.903846
writing to test_ref.vtk
writing to test_data_in.vtk
writing to test_data_out.vtk
Final transformation:
   0.999984 -0.00118088 -0.00584903     5.93831
 0.00128257    0.999847   0.0174251    -17.8537
 0.00582721  -0.0174324    0.999831    -1.36682
          0           0           0           1
 Case 3Euler Angles : X  = 0.335127, Y = 0.998452 , Z = -0.0676603
writing to Ref_transform.vtk


Predicting Motion
Golden rectangle is X : 151    Y : 18
 Shifted rectangle is X : 151    Y : 18
* KDTreeMatcher: initialized with knn=1, epsilon=0, searchType=1 and maxDist=inf
Applying 1 DataPoints filters - 274 points in
* KDTreeMatcher: initialized with knn=10, epsilon=0, searchType=1 and maxDist=inf
* SurfaceNormalDataPointsFilter - 274 points out (-0%)
Applied 1 filters - 274 points out (-0%)
PointMatcher::icp - reference pre-processing took 0.0189037 [s]
Applying 1 DataPoints filters - 270 points in
* RandomSamplingDataPointsFilter - 270 points out (-0%)
Applied 1 filters - 270 points out (-0%)
PointMatcher::icp - reading pre-processing took 7.1363e-05 [s]
PointMatcher::icp - 6 iterations took 0.0804234 [s]
Golden Nose coordinates are : X = 175, Y = 45, Z = 983
Detected Nose coordinates are : X = 175, Y = 44, Z = 983
Translational Offset w.r.t Golden (Subtract these from Golden) are  - X : 0, Y : 1, Z : 0
match ratio: 0.903704
writing to test_ref.vtk
writing to test_data_in.vtk
writing to test_data_out.vtk
Final transformation:
   0.999978 -0.00626095  0.00290766    -2.64552
 0.00625581     0.99998  0.00177141    -2.63341
-0.00291864 -0.00175299    0.999994    0.532593
          0           0           0           1
 Case 3Euler Angles : X  = -0.166597, Y = 0.101495 , Z = -0.358729
writing to Ref_transform.vtk


Predicting Motion
Golden rectangle is X : 151    Y : 18
 Shifted rectangle is X : 151    Y : 17
* KDTreeMatcher: initialized with knn=1, epsilon=0, searchType=1 and maxDist=inf
Applying 1 DataPoints filters - 274 points in
* KDTreeMatcher: initialized with knn=10, epsilon=0, searchType=1 and maxDist=inf
* SurfaceNormalDataPointsFilter - 274 points out (-0%)
Applied 1 filters - 274 points out (-0%)
PointMatcher::icp - reference pre-processing took 0.0488782 [s]
Applying 1 DataPoints filters - 274 points in
* RandomSamplingDataPointsFilter - 274 points out (-0%)
Applied 1 filters - 274 points out (-0%)
PointMatcher::icp - reading pre-processing took 0.000115498 [s]
PointMatcher::icp - 7 iterations took 0.0402906 [s]
Golden Nose coordinates are : X = 175, Y = 45, Z = 983
Detected Nose coordinates are : X = 175, Y = 45, Z = 983
Translational Offset w.r.t Golden (Subtract these from Golden) are  - X : 0, Y : 0, Z : 0
match ratio: 0.90146
writing to test_ref.vtk
writing to test_data_in.vtk
writing to test_data_out.vtk
Final transformation:
   0.999977  -0.0015563 -0.00668677     6.87694
 0.00161912    0.999954  0.00940368    -10.2247
 0.00667183 -0.00941443    0.999933    -1.03754
          0           0           0           1
 Case 3Euler Angles : X  = 0.383126, Y = 0.538811 , Z = -0.0891715
writing to Ref_transform.vtk


Predicting Motion
Golden rectangle is X : 151    Y : 18
 Shifted rectangle is X : 151    Y : 18
* KDTreeMatcher: initialized with knn=1, epsilon=0, searchType=1 and maxDist=inf
Applying 1 DataPoints filters - 274 points in
* KDTreeMatcher: initialized with knn=10, epsilon=0, searchType=1 and maxDist=inf
* SurfaceNormalDataPointsFilter - 274 points out (-0%)
Applied 1 filters - 274 points out (-0%)
PointMatcher::icp - reference pre-processing took 0.0190289 [s]
Applying 1 DataPoints filters - 279 points in
* RandomSamplingDataPointsFilter - 279 points out (-0%)
Applied 1 filters - 279 points out (-0%)
PointMatcher::icp - reading pre-processing took 9.6709e-05 [s]
PointMatcher::icp - 12 iterations took 0.00788112 [s]
Golden Nose coordinates are : X = 175, Y = 45, Z = 983
Detected Nose coordinates are : X = 174, Y = 45, Z = 983
Translational Offset w.r.t Golden (Subtract these from Golden) are  - X : 1, Y : 0, Z : 0
match ratio: 0.903226
writing to test_ref.vtk
writing to test_data_in.vtk
writing to test_data_out.vtk
Final transformation:
   0.999934  -0.0115334 -0.00135735     2.08752
  0.0115387    0.999926  0.00394509    -5.83437
 0.00131159 -0.00396053    0.999992   -0.226685
          0           0           0           1
 Case 3Euler Angles : X  = 0.0777703, Y = 0.226038 , Z = -0.660829
writing to Ref_transform.vtk


Predicting Motion
Golden rectangle is X : 151    Y : 18
 Shifted rectangle is X : 150    Y : 18
* KDTreeMatcher: initialized with knn=1, epsilon=0, searchType=1 and maxDist=inf
Applying 1 DataPoints filters - 274 points in
* KDTreeMatcher: initialized with knn=10, epsilon=0, searchType=1 and maxDist=inf
* SurfaceNormalDataPointsFilter - 274 points out (-0%)
Applied 1 filters - 274 points out (-0%)
PointMatcher::icp - reference pre-processing took 0.0190663 [s]
Applying 1 DataPoints filters - 279 points in
* RandomSamplingDataPointsFilter - 279 points out (-0%)
Applied 1 filters - 279 points out (-0%)
PointMatcher::icp - reading pre-processing took 8.038e-05 [s]
PointMatcher::icp - 11 iterations took 0.0935231 [s]
Golden Nose coordinates are : X = 175, Y = 45, Z = 983
Detected Nose coordinates are : X = 174, Y = 45, Z = 983
Translational Offset w.r.t Golden (Subtract these from Golden) are  - X : 1, Y : 0, Z : 0
match ratio: 0.903226
writing to test_ref.vtk
writing to test_data_in.vtk
writing to test_data_out.vtk
Final transformation:
  0.999927 -0.0120857 0.00194477  -0.742889
 0.0120506    0.99978  0.0171519   -19.2576
-0.00215157 -0.0171276   0.999852    1.60602
         0          0          0          1
 Case 3Euler Angles : X  = -0.111427, Y = 0.982779 , Z = -0.692476
writing to Ref_transform.vtk


Predicting Motion
Golden rectangle is X : 151    Y : 18
 Shifted rectangle is X : 150    Y : 18
* KDTreeMatcher: initialized with knn=1, epsilon=0, searchType=1 and maxDist=inf
Applying 1 DataPoints filters - 274 points in
* KDTreeMatcher: initialized with knn=10, epsilon=0, searchType=1 and maxDist=inf
* SurfaceNormalDataPointsFilter - 274 points out (-0%)
Applied 1 filters - 274 points out (-0%)
PointMatcher::icp - reference pre-processing took 0.0188308 [s]
Applying 1 DataPoints filters - 278 points in
* RandomSamplingDataPointsFilter - 278 points out (-0%)
Applied 1 filters - 278 points out (-0%)
PointMatcher::icp - reading pre-processing took 7.9243e-05 [s]
PointMatcher::icp - 9 iterations took 0.00597475 [s]
Golden Nose coordinates are : X = 175, Y = 45, Z = 983
Detected Nose coordinates are : X = 174, Y = 44, Z = 983
Translational Offset w.r.t Golden (Subtract these from Golden) are  - X : 1, Y : 1, Z : 0
match ratio: 0.902878
writing to test_ref.vtk
writing to test_data_in.vtk
writing to test_data_out.vtk
Final transformation:
  0.999895 -0.0145482 0.00131804 -0.0532074
 0.0145276   0.999791   0.014454   -17.0499
-0.0015281 -0.0144333   0.999895    1.29749
         0          0          0          1
 Case 3Euler Angles : X  = -0.0755181, Y = 0.828182 , Z = -0.833577
writing to Ref_transform.vtk


Predicting Motion
Golden rectangle is X : 151    Y : 18
 Shifted rectangle is X : 150    Y : 17
* KDTreeMatcher: initialized with knn=1, epsilon=0, searchType=1 and maxDist=inf
Applying 1 DataPoints filters - 274 points in
* KDTreeMatcher: initialized with knn=10, epsilon=0, searchType=1 and maxDist=inf
* SurfaceNormalDataPointsFilter - 274 points out (-0%)
Applied 1 filters - 274 points out (-0%)
PointMatcher::icp - reference pre-processing took 0.0191563 [s]
Applying 1 DataPoints filters - 274 points in
* RandomSamplingDataPointsFilter - 274 points out (-0%)
Applied 1 filters - 274 points out (-0%)
PointMatcher::icp - reading pre-processing took 8.0404e-05 [s]
PointMatcher::icp - 10 iterations took 0.159542 [s]
Golden Nose coordinates are : X = 175, Y = 45, Z = 983
Detected Nose coordinates are : X = 174, Y = 45, Z = 983
Translational Offset w.r.t Golden (Subtract these from Golden) are  - X : 1, Y : 0, Z : 0
match ratio: 0.90146
writing to test_ref.vtk
writing to test_data_in.vtk
writing to test_data_out.vtk
Final transformation:
   0.999815  -0.0169903 -0.00926686     10.8854
  0.0169585    0.999851 -0.00349401     1.11488
 0.00932476  0.00333613    0.999953    -1.86963
          0           0           0           1
 Case 3Euler Angles : X  = 0.53096, Y = -0.2002 , Z = -0.973561
writing to Ref_transform.vtk


Predicting Motion
Golden rectangle is X : 151    Y : 18
 Shifted rectangle is X : 150    Y : 18
* KDTreeMatcher: initialized with knn=1, epsilon=0, searchType=1 and maxDist=inf
Applying 1 DataPoints filters - 274 points in
* KDTreeMatcher: initialized with knn=10, epsilon=0, searchType=1 and maxDist=inf
* SurfaceNormalDataPointsFilter - 274 points out (-0%)
Applied 1 filters - 274 points out (-0%)
PointMatcher::icp - reference pre-processing took 0.0186251 [s]
Applying 1 DataPoints filters - 277 points in
* RandomSamplingDataPointsFilter - 277 points out (-0%)
Applied 1 filters - 277 points out (-0%)
PointMatcher::icp - reading pre-processing took 5.4531e-05 [s]
PointMatcher::icp - 7 iterations took 0.215706 [s]
Golden Nose coordinates are : X = 175, Y = 45, Z = 983
Detected Nose coordinates are : X = 174, Y = 45, Z = 983
Translational Offset w.r.t Golden (Subtract these from Golden) are  - X : 1, Y : 0, Z : 0
match ratio: 0.902527
writing to test_ref.vtk
writing to test_data_in.vtk
writing to test_data_out.vtk
Final transformation:
    0.999934  -0.00156904   -0.0115503      12.3787
  0.00155818     0.999999 -0.000944802     0.665295
   0.0115517  0.000926801     0.999933     -2.19379
           0            0            0            1
 Case 3Euler Angles : X  = 0.661799, Y = -0.0541367 , Z = -0.0899054
writing to Ref_transform.vtk


Predicting Motion
Golden rectangle is X : 151    Y : 18
 Shifted rectangle is X : 150    Y : 18
* KDTreeMatcher: initialized with knn=1, epsilon=0, searchType=1 and maxDist=inf
Applying 1 DataPoints filters - 274 points in
* KDTreeMatcher: initialized with knn=10, epsilon=0, searchType=1 and maxDist=inf
* SurfaceNormalDataPointsFilter - 274 points out (-0%)
Applied 1 filters - 274 points out (-0%)
PointMatcher::icp - reference pre-processing took 0.0292171 [s]
Applying 1 DataPoints filters - 279 points in
* RandomSamplingDataPointsFilter - 279 points out (-0%)
Applied 1 filters - 279 points out (-0%)
PointMatcher::icp - reading pre-processing took 0.000219327 [s]
PointMatcher::icp - 6 iterations took 0.0667088 [s]
Golden Nose coordinates are : X = 175, Y = 45, Z = 983
Detected Nose coordinates are : X = 174, Y = 45, Z = 983
Translational Offset w.r.t Golden (Subtract these from Golden) are  - X : 1, Y : 0, Z : 0
match ratio: 0.903226
writing to test_ref.vtk
writing to test_data_in.vtk
writing to test_data_out.vtk
Final transformation:
  0.999674  -0.016978  -0.019102    20.9027
 0.0171833   0.999797  0.0106362   -13.7903
 0.0189176 -0.0109609   0.999762   -2.57605
         0          0          0          1
 Case 3Euler Angles : X  = 1.09453, Y = 0.609532 , Z = -0.97299
writing to Ref_transform.vtk


Predicting Motion
Golden rectangle is X : 151    Y : 18
 Shifted rectangle is X : 150    Y : 18
* KDTreeMatcher: initialized with knn=1, epsilon=0, searchType=1 and maxDist=inf
Applying 1 DataPoints filters - 274 points in
* KDTreeMatcher: initialized with knn=10, epsilon=0, searchType=1 and maxDist=inf
* SurfaceNormalDataPointsFilter - 274 points out (-0%)
Applied 1 filters - 274 points out (-0%)
PointMatcher::icp - reference pre-processing took 0.0459161 [s]
Applying 1 DataPoints filters - 278 points in
* RandomSamplingDataPointsFilter - 278 points out (-0%)
Applied 1 filters - 278 points out (-0%)
PointMatcher::icp - reading pre-processing took 8.114e-05 [s]
PointMatcher::icp - 8 iterations took 0.0507132 [s]
Golden Nose coordinates are : X = 175, Y = 45, Z = 983
Detected Nose coordinates are : X = 175, Y = 45, Z = 983
Translational Offset w.r.t Golden (Subtract these from Golden) are  - X : 0, Y : 0, Z : 0
match ratio: 0.902878
writing to test_ref.vtk
writing to test_data_in.vtk
writing to test_data_out.vtk
Final transformation:
   0.999985 -0.00522549 -0.00205716     3.04303
  0.0052512    0.999906   0.0126971    -13.7372
 0.00199061  -0.0127075    0.999918       0.612
          0           0           0           1
 Case 3Euler Angles : X  = 0.117866, Y = 0.727509 , Z = -0.2994
writing to Ref_transform.vtk


Predicting Motion
Golden rectangle is X : 151    Y : 18
 Shifted rectangle is X : 151    Y : 18
* KDTreeMatcher: initialized with knn=1, epsilon=0, searchType=1 and maxDist=inf
Applying 1 DataPoints filters - 274 points in
* KDTreeMatcher: initialized with knn=10, epsilon=0, searchType=1 and maxDist=inf
* SurfaceNormalDataPointsFilter - 274 points out (-0%)
Applied 1 filters - 274 points out (-0%)
PointMatcher::icp - reference pre-processing took 0.0313464 [s]
Applying 1 DataPoints filters - 283 points in
* RandomSamplingDataPointsFilter - 283 points out (-0%)
Applied 1 filters - 283 points out (-0%)
PointMatcher::icp - reading pre-processing took 8.195e-05 [s]
PointMatcher::icp - 13 iterations took 0.0578183 [s]
Golden Nose coordinates are : X = 175, Y = 45, Z = 983
Detected Nose coordinates are : X = 174, Y = 44, Z = 985
Translational Offset w.r.t Golden (Subtract these from Golden) are  - X : 1, Y : 1, Z : -2
match ratio: 0.90106
writing to test_ref.vtk
writing to test_data_in.vtk
writing to test_data_out.vtk
Final transformation:
  0.999289 -0.0157218  -0.034357    37.2388
   0.01616   0.999793  0.0125169   -15.6539
  0.034153 -0.0130632   0.999333   -4.75714
         0          0          0          1
 Case 3Euler Angles : X  = 1.9689, Y = 0.717606 , Z = -0.901358
writing to Ref_transform.vtk


Predicting Motion
Golden rectangle is X : 151    Y : 18
 Shifted rectangle is X : 150    Y : 17
* KDTreeMatcher: initialized with knn=1, epsilon=0, searchType=1 and maxDist=inf
Applying 1 DataPoints filters - 274 points in
* KDTreeMatcher: initialized with knn=10, epsilon=0, searchType=1 and maxDist=inf
* SurfaceNormalDataPointsFilter - 274 points out (-0%)
Applied 1 filters - 274 points out (-0%)
PointMatcher::icp - reference pre-processing took 0.0190882 [s]
Applying 1 DataPoints filters - 280 points in
* RandomSamplingDataPointsFilter - 280 points out (-0%)
Applied 1 filters - 280 points out (-0%)
PointMatcher::icp - reading pre-processing took 8.1897e-05 [s]
PointMatcher::icp - 14 iterations took 0.0905236 [s]
Golden Nose coordinates are : X = 175, Y = 45, Z = 983
Detected Nose coordinates are : X = 170, Y = 45, Z = 985
Translational Offset w.r.t Golden (Subtract these from Golden) are  - X : 5, Y : 0, Z : -2
match ratio: 0.903571
writing to test_ref.vtk
writing to test_data_in.vtk
writing to test_data_out.vtk
Final transformation:
  0.998826  -0.016198 -0.0457019    49.6687
  0.017279   0.999579  0.0233597   -27.1761
 0.0453044 -0.0241219   0.998684    -5.3147
         0          0          0          1
 Case 3Euler Angles : X  = 2.61944, Y = 1.33993 , Z = -0.929088
writing to Ref_transform.vtk


Predicting Motion
Golden rectangle is X : 151    Y : 18
 Shifted rectangle is X : 146    Y : 18
* KDTreeMatcher: initialized with knn=1, epsilon=0, searchType=1 and maxDist=inf
Applying 1 DataPoints filters - 274 points in
* KDTreeMatcher: initialized with knn=10, epsilon=0, searchType=1 and maxDist=inf
* SurfaceNormalDataPointsFilter - 274 points out (-0%)
Applied 1 filters - 274 points out (-0%)
PointMatcher::icp - reference pre-processing took 0.035323 [s]
Applying 1 DataPoints filters - 276 points in
* RandomSamplingDataPointsFilter - 276 points out (-0%)
Applied 1 filters - 276 points out (-0%)
PointMatcher::icp - reading pre-processing took 0.000188672 [s]
PointMatcher::icp - 23 iterations took 0.0247087 [s]
Golden Nose coordinates are : X = 175, Y = 45, Z = 983
Detected Nose coordinates are : X = 170, Y = 45, Z = 985
Translational Offset w.r.t Golden (Subtract these from Golden) are  - X : 5, Y : 0, Z : -2
match ratio: 0.902174
writing to test_ref.vtk
writing to test_data_in.vtk
writing to test_data_out.vtk
Final transformation:
   0.996072  -0.0106113  -0.0879509     93.7824
  0.0104439    0.999946 -0.00236328     0.43177
  0.0879711  0.00143589    0.996122    -11.1879
          0           0           0           1
 Case 3Euler Angles : X  = 5.04573, Y = -0.135933 , Z = -0.610359
writing to Ref_transform.vtk


Predicting Motion
Golden rectangle is X : 151    Y : 18
 Shifted rectangle is X : 146    Y : 18
* KDTreeMatcher: initialized with knn=1, epsilon=0, searchType=1 and maxDist=inf
Applying 1 DataPoints filters - 274 points in
* KDTreeMatcher: initialized with knn=10, epsilon=0, searchType=1 and maxDist=inf
* SurfaceNormalDataPointsFilter - 274 points out (-0%)
Applied 1 filters - 274 points out (-0%)
PointMatcher::icp - reference pre-processing took 0.0473292 [s]
Applying 1 DataPoints filters - 274 points in
* RandomSamplingDataPointsFilter - 274 points out (-0%)
Applied 1 filters - 274 points out (-0%)
PointMatcher::icp - reading pre-processing took 9.5725e-05 [s]
PointMatcher::icp - 14 iterations took 0.0599821 [s]
Golden Nose coordinates are : X = 175, Y = 45, Z = 983
Detected Nose coordinates are : X = 168, Y = 46, Z = 985
Translational Offset w.r.t Golden (Subtract these from Golden) are  - X : 7, Y : -1, Z : -2
match ratio: 0.90146
writing to test_ref.vtk
writing to test_data_in.vtk
writing to test_data_out.vtk
Final transformation:
  0.991981 -0.0290322  -0.123025    132.092
 0.0370023   0.997328  0.0630039   -71.0777
  0.120866 -0.0670507   0.990402   -9.85291
         0          0          0          1
 Case 3Euler Angles : X  = 7.0667, Y = 3.63994 , Z = -1.67639
writing to Ref_transform.vtk


Predicting Motion
Golden rectangle is X : 151    Y : 18
 Shifted rectangle is X : 144    Y : 19
* KDTreeMatcher: initialized with knn=1, epsilon=0, searchType=1 and maxDist=inf
Applying 1 DataPoints filters - 274 points in
* KDTreeMatcher: initialized with knn=10, epsilon=0, searchType=1 and maxDist=inf
* SurfaceNormalDataPointsFilter - 274 points out (-0%)
Applied 1 filters - 274 points out (-0%)
PointMatcher::icp - reference pre-processing took 0.017824 [s]
Applying 1 DataPoints filters - 306 points in
* RandomSamplingDataPointsFilter - 306 points out (-0%)
Applied 1 filters - 306 points out (-0%)
PointMatcher::icp - reading pre-processing took 5.3953e-05 [s]
PointMatcher::icp - 21 iterations took 0.120599 [s]
Golden Nose coordinates are : X = 175, Y = 45, Z = 983
Detected Nose coordinates are : X = 166, Y = 46, Z = 988
Translational Offset w.r.t Golden (Subtract these from Golden) are  - X : 9, Y : -1, Z : -5
match ratio: 0.901961
writing to test_ref.vtk
writing to test_data_in.vtk
writing to test_data_out.vtk
Final transformation:
  0.994147 -0.0224874  -0.105726    114.632
 0.0250458   0.999427  0.0229325   -28.5023
  0.105149 -0.0254461   0.994135   -13.1646
         0          0          0          1
 Case 3Euler Angles : X  = 6.06899, Y = 1.32146 , Z = -1.2958
writing to Ref_transform.vtk


Predicting Motion
Golden rectangle is X : 151    Y : 18
 Shifted rectangle is X : 142    Y : 19
* KDTreeMatcher: initialized with knn=1, epsilon=0, searchType=1 and maxDist=inf
Applying 1 DataPoints filters - 274 points in
* KDTreeMatcher: initialized with knn=10, epsilon=0, searchType=1 and maxDist=inf
* SurfaceNormalDataPointsFilter - 274 points out (-0%)
Applied 1 filters - 274 points out (-0%)
PointMatcher::icp - reference pre-processing took 0.0193562 [s]
Applying 1 DataPoints filters - 332 points in
* RandomSamplingDataPointsFilter - 332 points out (-0%)
Applied 1 filters - 332 points out (-0%)
PointMatcher::icp - reading pre-processing took 5.2531e-05 [s]
PointMatcher::icp - 32 iterations took 0.186843 [s]
Golden Nose coordinates are : X = 175, Y = 45, Z = 983
Detected Nose coordinates are : X = 162, Y = 48, Z = 991
Translational Offset w.r.t Golden (Subtract these from Golden) are  - X : 13, Y : -3, Z : -8
match ratio: 0.900602
writing to test_ref.vtk
writing to test_data_in.vtk
writing to test_data_out.vtk
Final transformation:
  0.988249 -0.0224972  -0.151239    163.886
 0.0292633   0.998667  0.0426623   -49.5013
  0.150075 -0.0465861    0.98758   -15.7903
         0          0          0          1
 Case 3Euler Angles : X  = 8.69872, Y = 2.47357 , Z = -1.3041
writing to Ref_transform.vtk


Predicting Motion
Golden rectangle is X : 151    Y : 18
 Shifted rectangle is X : 138    Y : 21
* KDTreeMatcher: initialized with knn=1, epsilon=0, searchType=1 and maxDist=inf
Applying 1 DataPoints filters - 274 points in
* KDTreeMatcher: initialized with knn=10, epsilon=0, searchType=1 and maxDist=inf
* SurfaceNormalDataPointsFilter - 274 points out (-0%)
Applied 1 filters - 274 points out (-0%)
PointMatcher::icp - reference pre-processing took 0.0228037 [s]
Applying 1 DataPoints filters - 369 points in
* RandomSamplingDataPointsFilter - 369 points out (-0%)
Applied 1 filters - 369 points out (-0%)
PointMatcher::icp - reading pre-processing took 5.4043e-05 [s]
PointMatcher::icp - 32 iterations took 0.0821245 [s]
Golden Nose coordinates are : X = 175, Y = 45, Z = 983
Detected Nose coordinates are : X = 160, Y = 47, Z = 997
Translational Offset w.r.t Golden (Subtract these from Golden) are  - X : 15, Y : -2, Z : -14
match ratio: 0.902439
writing to test_ref.vtk
writing to test_data_in.vtk
writing to test_data_out.vtk
Final transformation:
  0.988599 0.00589555  -0.150496    162.212
  0.014778   0.990619   0.135883   -141.797
  0.149884  -0.136557    0.97923   -5.78253
         0          0          0          1
 Case 3Euler Angles : X  = 8.65564, Y = 7.9002 , Z = 0.341682
writing to Ref_transform.vtk


Predicting Motion
Golden rectangle is X : 151    Y : 18
 Shifted rectangle is X : 136    Y : 20
* KDTreeMatcher: initialized with knn=1, epsilon=0, searchType=1 and maxDist=inf
Applying 1 DataPoints filters - 274 points in
* KDTreeMatcher: initialized with knn=10, epsilon=0, searchType=1 and maxDist=inf
* SurfaceNormalDataPointsFilter - 274 points out (-0%)
Applied 1 filters - 274 points out (-0%)
PointMatcher::icp - reference pre-processing took 0.0194044 [s]
Applying 1 DataPoints filters - 376 points in
* RandomSamplingDataPointsFilter - 376 points out (-0%)
Applied 1 filters - 376 points out (-0%)
PointMatcher::icp - reading pre-processing took 5.1652e-05 [s]
PointMatcher::icp - 33 iterations took 0.0300415 [s]
Golden Nose coordinates are : X = 175, Y = 45, Z = 983
Detected Nose coordinates are : X = 158, Y = 49, Z = 997
Translational Offset w.r.t Golden (Subtract these from Golden) are  - X : 17, Y : -4, Z : -14
match ratio: 0.901596
writing to test_ref.vtk
writing to test_data_in.vtk
writing to test_data_out.vtk
Final transformation:
  0.997073 -0.0111435 -0.0757081    86.9141
 0.0213805    0.99051   0.135786   -142.036
 0.0734742  -0.137007   0.987845   -1.59723
         0          0          0          1
 Case 3Euler Angles : X  = 4.34191, Y = 7.82666 , Z = -0.640326
writing to Ref_transform.vtk


Predicting Motion
Golden rectangle is X : 151    Y : 18
 Shifted rectangle is X : 134    Y : 22
* KDTreeMatcher: initialized with knn=1, epsilon=0, searchType=1 and maxDist=inf
Applying 1 DataPoints filters - 274 points in
* KDTreeMatcher: initialized with knn=10, epsilon=0, searchType=1 and maxDist=inf
* SurfaceNormalDataPointsFilter - 274 points out (-0%)
Applied 1 filters - 274 points out (-0%)
PointMatcher::icp - reference pre-processing took 0.0446874 [s]
Applying 1 DataPoints filters - 385 points in
* RandomSamplingDataPointsFilter - 385 points out (-0%)
Applied 1 filters - 385 points out (-0%)
PointMatcher::icp - reading pre-processing took 5.9344e-05 [s]
PointMatcher::icp - 31 iterations took 0.0544307 [s]
Golden Nose coordinates are : X = 175, Y = 45, Z = 983
Detected Nose coordinates are : X = 153, Y = 49, Z = 1000
Translational Offset w.r.t Golden (Subtract these from Golden) are  - X : 22, Y : -4, Z : -17
match ratio: 0.901299
writing to test_ref.vtk
writing to test_data_in.vtk
writing to test_data_out.vtk
Final transformation:
 0.990171 0.0121014 -0.139373   152.319
0.00954726  0.988089  0.153622  -158.969
 0.139571 -0.153441  0.978254  -4.53577
        0         0         0         1
 Case 3Euler Angles : X  = 8.01156, Y = 8.92464 , Z = 0.700204
writing to Ref_transform.vtk


Predicting Motion
Golden rectangle is X : 151    Y : 18
 Shifted rectangle is X : 129    Y : 22
* KDTreeMatcher: initialized with knn=1, epsilon=0, searchType=1 and maxDist=inf
Applying 1 DataPoints filters - 274 points in
